xof 0303txt 0032

template AnimTicksPerSecond {
  <9E415A43-7BA6-4a73-8743-B73D47E88476>
  DWORD AnimTicksPerSecond;
}

Frame Root {
  FrameTransformMatrix {
     1.000000, 0.000000, 0.000000, 0.000000,
     0.000000,-0.000000, 1.000000, 0.000000,
     0.000000, 1.000000, 0.000000, 0.000000,
     0.000000, 0.000000, 0.000000, 1.000000;;
  }
  Frame Wolf_Skeleton {
    FrameTransformMatrix {
       1.000000, 0.000000, 0.000000, 0.000000,
       0.000000, 1.000000, 0.000000, 0.000000,
       0.000000, 0.000000, 1.000000, 0.000000,
       0.000000, 0.000000, 0.000000, 1.000000;;
    }
    Frame Wolf_Skeleton_root {
      FrameTransformMatrix {
         1.000000, 0.000000, 0.000000, 0.000000,
        -0.000000,-0.000000, 1.000000, 0.000000,
         0.000000,-1.000000,-0.000000, 0.000000,
         0.000000, 0.000000, 0.000000, 1.000000;;
      }
      Frame Wolf_Skeleton_Becken {
        FrameTransformMatrix {
           1.000000, 0.000000, 0.000000, 0.000000,
          -0.000000,-0.187895, 0.982189, 0.000000,
           0.000000,-0.982189,-0.187895, 0.000000,
           0.000000, 0.405722,-0.211570, 1.000000;;
        }
        Frame Wolf_Skeleton_Bauch {
          FrameTransformMatrix {
             1.000000,-0.000000, 0.000000, 0.000000,
             0.000000, 0.975896,-0.218235, 0.000000,
            -0.000000, 0.218235, 0.975896, 0.000000,
             0.000000, 0.094042,-0.035591, 1.000000;;
          }
          Frame Wolf_Skeleton_Bauch_001 {
            FrameTransformMatrix {
               1.000000, 0.000000,-0.000000, 0.000000,
              -0.000000, 0.999152,-0.041168, 0.000000,
               0.000000, 0.041168, 0.999152, 0.000000,
              -0.000000, 0.108190,-0.000000, 1.000000;;
            }
            Frame Wolf_Skeleton_Brust {
              FrameTransformMatrix {
                 1.000000, 0.000000, 0.000000, 0.000000,
                 0.000000, 0.964075,-0.265630, 0.000000,
                -0.000000, 0.265630, 0.964075, 0.000000,
                -0.000000, 0.106983,-0.000000, 1.000000;;
              }
              Frame Wolf_Skeleton_Bauch_003 {
                FrameTransformMatrix {
                   1.000000,-0.000000,-0.000000, 0.000000,
                   0.000000,-0.739396, 0.673271, 0.000000,
                  -0.000000,-0.673271,-0.739397, 0.000000,
                  -0.000000, 0.127687,-0.060796, 1.000000;;
                }
                Frame Wolf_Skeleton_Schalterplatte_L {
                  FrameTransformMatrix {
                     0.879058,-0.475969, 0.026654, 0.000000,
                     0.200982, 0.319329,-0.926086, 0.000000,
                     0.432277, 0.819440, 0.376370, 0.000000,
                     0.038208, 0.089257, 0.000000, 1.000000;;
                  }
                  Frame Wolf_Skeleton_Oberarm_L {
                    FrameTransformMatrix {
                       0.885989, 0.204740, 0.416059, 0.000000,
                      -0.461728, 0.306737, 0.832297, 0.000000,
                       0.042783,-0.929513, 0.366300, 0.000000,
                       0.000000, 0.141863,-0.000000, 1.000000;;
                    }
                    Frame Wolf_Skeleton_Unterarm_L {
                      FrameTransformMatrix {
                         0.999959,-0.007737, 0.004629, 0.000000,
                         0.008927, 0.777413,-0.628927, 0.000000,
                         0.001267, 0.628943, 0.777451, 0.000000,
                         0.000000, 0.202823, 0.000000, 1.000000;;
                      }
                      Frame Wolf_Skeleton_Vorderpfote_L {
                        FrameTransformMatrix {
                           0.999719, 0.015264, 0.018148, 0.000000,
                           0.015276, 0.170823,-0.985183, 0.000000,
                          -0.018138, 0.985183, 0.170541, 0.000000,
                          -0.000000, 0.170595, 0.000000, 1.000000;;
                        }
                      } // End of Wolf_Skeleton_Vorderpfote_L
                    } // End of Wolf_Skeleton_Unterarm_L
                  } // End of Wolf_Skeleton_Oberarm_L
                } // End of Wolf_Skeleton_Schalterplatte_L
                Frame Wolf_Skeleton_Schalterplatte_R {
                  FrameTransformMatrix {
                     0.879058, 0.475969,-0.026654, 0.000000,
                    -0.200982, 0.319329,-0.926086, 0.000000,
                    -0.432277, 0.819440, 0.376370, 0.000000,
                    -0.038208, 0.089257, 0.000000, 1.000000;;
                  }
                  Frame Wolf_Skeleton_Oberarm_R {
                    FrameTransformMatrix {
                       0.885989,-0.204740,-0.416059, 0.000000,
                       0.461728, 0.306737, 0.832297, 0.000000,
                      -0.042783,-0.929513, 0.366300, 0.000000,
                      -0.000000, 0.141863,-0.000000, 1.000000;;
                    }
                    Frame Wolf_Skeleton_Unterarm_R {
                      FrameTransformMatrix {
                         0.999959, 0.007737,-0.004629, 0.000000,
                        -0.008927, 0.777413,-0.628928, 0.000000,
                        -0.001267, 0.628943, 0.777450, 0.000000,
                        -0.000000, 0.202823, 0.000000, 1.000000;;
                      }
                      Frame Wolf_Skeleton_Vorderpfote_R {
                        FrameTransformMatrix {
                           0.995888,-0.085396,-0.030226, 0.000000,
                          -0.015253, 0.170823,-0.985183, 0.000000,
                           0.089295, 0.981594, 0.168818, 0.000000,
                          -0.000000, 0.170594,-0.000000, 1.000000;;
                        }
                      } // End of Wolf_Skeleton_Vorderpfote_R
                    } // End of Wolf_Skeleton_Unterarm_R
                  } // End of Wolf_Skeleton_Oberarm_R
                } // End of Wolf_Skeleton_Schalterplatte_R
              } // End of Wolf_Skeleton_Bauch_003
              Frame Wolf_Skeleton_Hals {
                FrameTransformMatrix {
                   1.000000,-0.000000,-0.000000, 0.000000,
                  -0.000000, 0.683563,-0.729891, 0.000000,
                   0.000000, 0.729891, 0.683563, 0.000000,
                   0.000000, 0.125802, 0.060796, 1.000000;;
                }
                Frame Wolf_Skeleton_Kopf_002 {
                  FrameTransformMatrix {
                     1.000000, 0.000000,-0.000000, 0.000000,
                    -0.000000,-0.950609, 0.310391, 0.000000,
                    -0.000000,-0.310391,-0.950610, 0.000000,
                    -0.000000, 0.158302,-0.000000, 1.000000;;
                  }
                  Frame Wolf_Skeleton_Kopf {
                    FrameTransformMatrix {
                       0.999999,-0.001567, 0.000401, 0.000000,
                      -0.000249,-0.394391,-0.918943, 0.000000,
                       0.001599, 0.918941,-0.394390, 0.000000,
                       0.000000, 0.101578,-0.000000, 1.000000;;
                    }
                    Frame Wolf_Skeleton_Braun_O_L {
                      FrameTransformMatrix {
                        -0.215072,-0.841501, 0.495601, 0.000000,
                        -0.651372, 0.501713, 0.569209, 0.000000,
                        -0.727639,-0.200400,-0.656035, 0.000000,
                         0.037061, 0.098019,-0.032925, 1.000000;;
                      }
                    } // End of Wolf_Skeleton_Braun_O_L
                    Frame Wolf_Skeleton_Braun_O_R {
                      FrameTransformMatrix {
                        -0.213067, 0.841608,-0.496285, 0.000000,
                         0.649799, 0.501389, 0.571289, 0.000000,
                         0.729633,-0.200763,-0.653705, 0.000000,
                        -0.036907, 0.098037,-0.033043, 1.000000;;
                      }
                    } // End of Wolf_Skeleton_Braun_O_R
                    Frame Wolf_Skeleton_Mauloben {
                      FrameTransformMatrix {
                         0.999999,-0.000249, 0.001599, 0.000000,
                        -0.000551, 0.876499, 0.481403, 0.000000,
                        -0.001521,-0.481403, 0.876498, 0.000000,
                        -0.000041, 0.091015, 0.040036, 1.000000;;
                      }
                    } // End of Wolf_Skeleton_Mauloben
                    Frame Wolf_Skeleton_MundW_L {
                      FrameTransformMatrix {
                        -0.905607,-0.423681, 0.019248, 0.000000,
                        -0.397754, 0.864190, 0.308169, 0.000000,
                        -0.147199, 0.271424,-0.951137, 0.000000,
                         0.036185, 0.067305, 0.037514, 1.000000;;
                      }
                    } // End of Wolf_Skeleton_MundW_L
                    Frame Wolf_Skeleton_MundW_R {
                      FrameTransformMatrix {
                        -0.905320, 0.424154,-0.022124, 0.000000,
                         0.397224, 0.863981, 0.309435, 0.000000,
                         0.150363, 0.271350,-0.950663, 0.000000,
                        -0.036271, 0.067323, 0.037398, 1.000000;;
                      }
                    } // End of Wolf_Skeleton_MundW_R
                    Frame Wolf_Skeleton_Ohr_L {
                      FrameTransformMatrix {
                         0.965170, 0.082900, 0.248141, 0.000000,
                         0.155700, 0.580206,-0.799449, 0.000000,
                        -0.210247, 0.810240, 0.547090, 0.000000,
                         0.036601, 0.064078,-0.068933, 1.000000;;
                      }
                    } // End of Wolf_Skeleton_Ohr_L
                    Frame Wolf_Skeleton_Ohr_R {
                      FrameTransformMatrix {
                         0.965917,-0.083381,-0.245054, 0.000000,
                        -0.152854, 0.580283,-0.799942, 0.000000,
                         0.208900, 0.810136, 0.547760, 0.000000,
                        -0.036349, 0.064096,-0.069050, 1.000000;;
                      }
                    } // End of Wolf_Skeleton_Ohr_R
                    Frame Wolf_Skeleton_Unterkiefer {
                      FrameTransformMatrix {
                         0.998833, 0.033649,-0.034647, 0.000000,
                         0.019858, 0.367792, 0.929696, 0.000000,
                         0.044026,-0.929299, 0.366695, 0.000000,
                        -0.000456, 0.063705, 0.040607, 1.000000;;
                      }
                      Frame Wolf_Skeleton_Hals_fett {
                        FrameTransformMatrix {
                           0.998768, 0.021253, 0.044844, 0.000000,
                          -0.049424, 0.507204, 0.860408, 0.000000,
                          -0.004459,-0.861564, 0.507629, 0.000000,
                          -0.000772, 0.029982, 0.012065, 1.000000;;
                        }
                      } // End of Wolf_Skeleton_Hals_fett
                      Frame Wolf_Skeleton_Maulunten {
                        FrameTransformMatrix {
                           0.998768, 0.021253, 0.044844, 0.000000,
                           0.011697, 0.777376,-0.628928, 0.000000,
                          -0.048227, 0.628677, 0.776170, 0.000000,
                           0.000772, 0.008319,-0.012065, 1.000000;;
                        }
                      } // End of Wolf_Skeleton_Maulunten
                    } // End of Wolf_Skeleton_Unterkiefer
                    Frame Wolf_Skeleton_aug_lied_O_L {
                      FrameTransformMatrix {
                        -0.470102,-0.879511, 0.073916, 0.000000,
                        -0.815561, 0.464881, 0.344593, 0.000000,
                        -0.337436, 0.101711,-0.935837, 0.000000,
                         0.032715, 0.103888,-0.016081, 1.000000;;
                      }
                    } // End of Wolf_Skeleton_aug_lied_O_L
                    Frame Wolf_Skeleton_aug_lied_O_R {
                      FrameTransformMatrix {
                        -0.469425, 0.879746,-0.075418, 0.000000,
                         0.814687, 0.464475, 0.347200, 0.000000,
                         0.340477, 0.101542,-0.934754, 0.000000,
                        -0.032611, 0.103905,-0.016185, 1.000000;;
                      }
                    } // End of Wolf_Skeleton_aug_lied_O_R
                    Frame Wolf_Skeleton_aug_lied_U_L {
                      FrameTransformMatrix {
                        -0.319276,-0.896295, 0.307763, 0.000000,
                        -0.760608, 0.436084, 0.480943, 0.000000,
                        -0.565277,-0.080533,-0.820961, 0.000000,
                         0.033129, 0.102192,-0.013384, 1.000000;;
                      }
                    } // End of Wolf_Skeleton_aug_lied_U_L
                    Frame Wolf_Skeleton_aug_lied_U_R {
                      FrameTransformMatrix {
                        -0.317843, 0.896454,-0.308781, 0.000000,
                         0.759284, 0.435705, 0.483373, 0.000000,
                         0.567859,-0.080816,-0.819149, 0.000000,
                        -0.033035, 0.102208,-0.013489, 1.000000;;
                      }
                    } // End of Wolf_Skeleton_aug_lied_U_R
                  } // End of Wolf_Skeleton_Kopf
                } // End of Wolf_Skeleton_Kopf_002
              } // End of Wolf_Skeleton_Hals
            } // End of Wolf_Skeleton_Brust
          } // End of Wolf_Skeleton_Bauch_001
        } // End of Wolf_Skeleton_Bauch
        Frame Wolf_Skeleton_Oberschenkel_L {
          FrameTransformMatrix {
             0.991533, 0.068987,-0.110014, 0.000000,
             0.088429, 0.261690, 0.961092, 0.000000,
             0.095092,-0.962683, 0.253374, 0.000000,
             0.058370, 0.054300, 0.011532, 1.000000;;
          }
          Frame Wolf_Skeleton_Unterschenkel_L {
            FrameTransformMatrix {
               0.988714, 0.096921, 0.114239, 0.000000,
              -0.146536, 0.784292, 0.602837, 0.000000,
              -0.031169,-0.612774, 0.789643, 0.000000,
               0.000000, 0.168644, 0.000000, 1.000000;;
            }
            Frame Wolf_Skeleton_Pfote1_L {
              FrameTransformMatrix {
                 0.991600,-0.125300,-0.032092, 0.000000,
                 0.087469, 0.832379,-0.547260, 0.000000,
                 0.095284, 0.539856, 0.836347, 0.000000,
                 0.000000, 0.119090,-0.000000, 1.000000;;
              }
              Frame Wolf_Skeleton_Pfote2_L {
                FrameTransformMatrix {
                   0.994032, 0.077428, 0.076846, 0.000000,
                   0.077462,-0.004975,-0.996983, 0.000000,
                  -0.076812, 0.996986,-0.010943, 0.000000,
                  -0.000000, 0.098763, 0.000000, 1.000000;;
                }
              } // End of Wolf_Skeleton_Pfote2_L
            } // End of Wolf_Skeleton_Pfote1_L
          } // End of Wolf_Skeleton_Unterschenkel_L
        } // End of Wolf_Skeleton_Oberschenkel_L
        Frame Wolf_Skeleton_Oberschenkel_R {
          FrameTransformMatrix {
             0.991533,-0.068986, 0.110013, 0.000000,
            -0.088428, 0.261690, 0.961093, 0.000000,
            -0.095091,-0.962683, 0.253374, 0.000000,
            -0.058370, 0.054300, 0.011532, 1.000000;;
          }
          Frame Wolf_Skeleton_Unterschenkel_R {
            FrameTransformMatrix {
               0.988714,-0.096920,-0.114239, 0.000000,
               0.146535, 0.784293, 0.602837, 0.000000,
               0.031169,-0.612774, 0.789644, 0.000000,
               0.000000, 0.168645, 0.000000, 1.000000;;
            }
            Frame Wolf_Skeleton_Pfote1_R {
              FrameTransformMatrix {
                 0.991600, 0.125299, 0.032092, 0.000000,
                -0.087469, 0.832385,-0.547252, 0.000000,
                -0.095283, 0.539848, 0.836352, 0.000000,
                -0.000000, 0.119090,-0.000000, 1.000000;;
              }
              Frame Wolf_Skeleton_Pfote2_R {
                FrameTransformMatrix {
                  -0.994032, 0.077428, 0.076846, 0.000000,
                  -0.077462,-0.004985,-0.996983, 0.000000,
                  -0.076811,-0.996985, 0.010953, 0.000000,
                  -0.000000, 0.098762, 0.000000, 1.000000;;
                }
              } // End of Wolf_Skeleton_Pfote2_R
            } // End of Wolf_Skeleton_Pfote1_R
          } // End of Wolf_Skeleton_Unterschenkel_R
        } // End of Wolf_Skeleton_Oberschenkel_R
        Frame Wolf_Skeleton_Schwanz {
          FrameTransformMatrix {
             1.000000,-0.000000, 0.000000, 0.000000,
            -0.000000,-0.855324, 0.518093, 0.000000,
             0.000000,-0.518093,-0.855325, 0.000000,
            -0.000000,-0.002795, 0.012527, 1.000000;;
          }
          Frame Wolf_Skeleton_Schwanz_001 {
            FrameTransformMatrix {
               1.000000,-0.000000,-0.000000, 0.000000,
               0.000000, 0.991250, 0.131998, 0.000000,
               0.000000,-0.131998, 0.991250, 0.000000,
              -0.000000, 0.091043, 0.000000, 1.000000;;
            }
            Frame Wolf_Skeleton_Schwanz_002 {
              FrameTransformMatrix {
                 1.000000, 0.000000,-0.000000, 0.000000,
                -0.000000, 0.971068, 0.238804, 0.000000,
                 0.000000,-0.238804, 0.971068, 0.000000,
                 0.000000, 0.078557,-0.000000, 1.000000;;
              }
              Frame Wolf_Skeleton_Schwanz_003 {
                FrameTransformMatrix {
                   1.000000,-0.000000, 0.000000, 0.000000,
                   0.000000, 0.979563, 0.201139, 0.000000,
                  -0.000000,-0.201139, 0.979563, 0.000000,
                  -0.000000, 0.083503, 0.000000, 1.000000;;
                }
              } // End of Wolf_Skeleton_Schwanz_003
            } // End of Wolf_Skeleton_Schwanz_002
          } // End of Wolf_Skeleton_Schwanz_001
        } // End of Wolf_Skeleton_Schwanz
      } // End of Wolf_Skeleton_Becken
    } // End of Wolf_Skeleton_root
  } // End of Wolf_Skeleton
  Frame Wolf_obj_body {
    FrameTransformMatrix {
       1.000000, 0.000000, 0.000000, 0.000000,
       0.000000, 1.000000, 0.000000, 0.000000,
       0.000000, 0.000000, 1.000000, 0.000000,
      -0.000076,-0.257188, 0.400988, 1.000000;;
    }
    Mesh { // Wolf_obj_body mesh
      392;
       0.107331; 0.021740; 0.022154;,
       0.047806;-0.010699; 0.114389;,
       0.056622;-0.055404; 0.082329;,
       0.080113; 0.097664; 0.084288;,
       0.047806;-0.010699; 0.114389;,
       0.107331; 0.021740; 0.022154;,
       0.042946;-0.082020; 0.020506;,
       0.089605; 0.005080;-0.076367;,
       0.107331; 0.021740; 0.022154;,
       0.056622;-0.055404; 0.082329;,
       0.047806;-0.010699; 0.114389;,
       0.080113; 0.097664; 0.084288;,
       0.033772; 0.116987; 0.101524;,
       0.019536;-0.001705; 0.128710;,
       0.000425; 0.124130; 0.100194;,
       0.000076;-0.008161; 0.129765;,
       0.019536;-0.001705; 0.128710;,
       0.033772; 0.116987; 0.101524;,
       0.082704;-0.011089; 0.067591;,
       0.063851; 0.038255; 0.100649;,
       0.053319;-0.059117; 0.139626;,
       0.058366;-0.085229; 0.109574;,
       0.063851; 0.038255; 0.100649;,
       0.034858; 0.061134; 0.119980;,
       0.033675;-0.042926; 0.144310;,
       0.053319;-0.059117; 0.139626;,
       0.000076; 0.061414; 0.135857;,
       0.000076;-0.048996; 0.151638;,
       0.033675;-0.042926; 0.144310;,
       0.034858; 0.061134; 0.119980;,
       0.000076; 0.015792; 0.152856;,
       0.000076;-0.062318; 0.157903;,
       0.041260;-0.041758; 0.146439;,
       0.054549; 0.017787; 0.135434;,
       0.008059;-0.142122; 0.117440;,
       0.010662;-0.145777; 0.109724;,
       0.031505;-0.139151; 0.127890;,
       0.014596;-0.130202; 0.133884;,
       0.010662;-0.145777; 0.109724;,
       0.018571;-0.142275; 0.109072;,
       0.034110;-0.136417; 0.120755;,
       0.031505;-0.139151; 0.127890;,
       0.025328;-0.119515; 0.145629;,
       0.012871;-0.135981; 0.125499;,
       0.018828;-0.140197; 0.119178;,
       0.045090;-0.125323; 0.137313;,
       0.044538;-0.123594; 0.123992;,
       0.045090;-0.125323; 0.137313;,
       0.018828;-0.140197; 0.119178;,
       0.025818;-0.138099; 0.114252;,
       0.022711;-0.120877; 0.138748;,
       0.029827;-0.130934; 0.126244;,
       0.053263;-0.096468; 0.146205;,
       0.039469;-0.096423; 0.154845;,
       0.067917;-0.087025; 0.115648;,
       0.029827;-0.130934; 0.126244;,
       0.037048;-0.126790; 0.113357;,
       0.041006;-0.119408; 0.102410;,
       0.069390;-0.081070; 0.133522;,
       0.053263;-0.096468; 0.146205;,
       0.029827;-0.130934; 0.126244;,
       0.067917;-0.087025; 0.115648;,
       0.034844; 0.243939;-0.114881;,
       0.009074; 0.288315;-0.198701;,
       0.009074; 0.357383;-0.182088;,
       0.036242; 0.331633;-0.098064;,
       0.019408; 0.361106;-0.129668;,
       0.032003; 0.349069;-0.118647;,
       0.036242; 0.331633;-0.098064;,
       0.009074; 0.357383;-0.182088;,
       0.000076; 0.398525;-0.124594;,
       0.019408; 0.361106;-0.129668;,
       0.009074; 0.357383;-0.182088;,
       0.000076; 0.393086;-0.161816;,
       0.032733; 0.071400;-0.156628;,
       0.009079; 0.127496;-0.232331;,
       0.009078; 0.167903;-0.230799;,
       0.035010; 0.100550;-0.156528;,
       0.039059; 0.030457;-0.144837;,
       0.000076; 0.087377;-0.225775;,
       0.009079; 0.127496;-0.232331;,
       0.032733; 0.071400;-0.156628;,
       0.009077; 0.200664;-0.227812;,
       0.035856; 0.122673;-0.149049;,
       0.035010; 0.100550;-0.156528;,
       0.009078; 0.167903;-0.230799;,
       0.034844; 0.243939;-0.114881;,
       0.045462; 0.165770;-0.132784;,
       0.009074; 0.258806;-0.220213;,
       0.009074; 0.288315;-0.198701;,
       0.045462; 0.165770;-0.132784;,
       0.035856; 0.122673;-0.149049;,
       0.009077; 0.200664;-0.227812;,
       0.009074; 0.258806;-0.220213;,
       0.047695; 0.204568;-0.201697;,
       0.036195; 0.293393;-0.186449;,
       0.042088; 0.247249;-0.110654;,
       0.051253; 0.173330;-0.123041;,
       0.051253; 0.173330;-0.123041;,
       0.053981; 0.125431;-0.124543;,
       0.053583; 0.116945;-0.176828;,
       0.047695; 0.204568;-0.201697;,
       0.042088; 0.247249;-0.110654;,
       0.036195; 0.293393;-0.186449;,
       0.016760; 0.364170;-0.152552;,
       0.044118; 0.337625;-0.084619;,
       0.072343;-0.096388; 0.094608;,
       0.040640;-0.118256; 0.089543;,
       0.045372;-0.117068; 0.065247;,
       0.068305;-0.103358; 0.062737;,
       0.072343;-0.096388; 0.094608;,
       0.059832;-0.078165; 0.135595;,
       0.039221;-0.123131; 0.107646;,
       0.040640;-0.118256; 0.089543;,
       0.040325;-0.108266; 0.071840;,
       0.106416;-0.024081; 0.075619;,
       0.096629; 0.001057; 0.123930;,
       0.041556;-0.113636; 0.095986;,
       0.040325;-0.108266; 0.071840;,
       0.031574;-0.114519; 0.047908;,
       0.084824;-0.053421; 0.004750;,
       0.106416;-0.024081; 0.075619;,
       0.083595;-0.073480; 0.063622;,
       0.090457;-0.059814; 0.107248;,
       0.041408;-0.121590; 0.089203;,
       0.045372;-0.117068; 0.065247;,
       0.027222;-0.122776; 0.040407;,
       0.052105;-0.105786; 0.021254;,
       0.075670;-0.087690; 0.044388;,
       0.035076;-0.120872; 0.051784;,
       0.045372;-0.117068; 0.065247;,
       0.035076;-0.120872; 0.051784;,
       0.075670;-0.087690; 0.044388;,
       0.083595;-0.073480; 0.063622;,
       0.023604;-0.126593; 0.039533;,
       0.056951;-0.095595;-0.046422;,
       0.095735;-0.038470;-0.034521;,
       0.049592;-0.088879; 0.050511;,
       0.038800;-0.066042;-0.049165;,
       0.057728;-0.005887;-0.178737;,
       0.110292; 0.025418;-0.137498;,
       0.058895;-0.027982;-0.024556;,
       0.000076;-0.079288;-0.064529;,
       0.000076;-0.031193;-0.201136;,
       0.057728;-0.005887;-0.178737;,
       0.038800;-0.066042;-0.049165;,
       0.122101; 0.079837;-0.196101;,
       0.080206;-0.004298;-0.107017;,
       0.026444;-0.037773;-0.110900;,
       0.087937; 0.065127;-0.218069;,
       0.000076;-0.042426;-0.116202;,
      -0.000143; 0.026199;-0.236144;,
       0.087937; 0.065127;-0.218069;,
       0.026444;-0.037773;-0.110900;,
       0.000076;-0.129641; 0.045480;,
       0.000076;-0.113743;-0.045831;,
       0.023604;-0.126593; 0.039533;,
       0.000076;-0.113743;-0.045831;,
       0.056951;-0.095595;-0.046422;,
       0.023604;-0.126593; 0.039533;,
       0.023187;-0.111968; 0.034823;,
       0.000076;-0.124416; 0.032726;,
       0.000076;-0.075943;-0.133729;,
       0.000076;-0.075943;-0.133729;,
       0.069599;-0.063005;-0.107213;,
       0.023187;-0.111968; 0.034823;,
       0.069599;-0.063005;-0.107213;,
       0.107717; 0.002476;-0.074680;,
       0.045682;-0.084290; 0.038883;,
       0.069599;-0.063005;-0.107213;,
       0.045682;-0.084290; 0.038883;,
       0.023187;-0.111968; 0.034823;,
       0.041408;-0.121590; 0.089203;,
       0.090457;-0.059814; 0.107248;,
       0.039813;-0.120539; 0.106824;,
       0.090457;-0.059814; 0.107248;,
       0.073294;-0.033973; 0.156541;,
       0.039813;-0.120539; 0.106824;,
       0.023562;-0.091824;-0.009525;,
       0.000076;-0.103300;-0.019209;,
       0.000076;-0.066619;-0.152112;,
       0.000076;-0.066619;-0.152112;,
       0.054325;-0.051565;-0.146212;,
       0.023562;-0.091824;-0.009525;,
       0.023562;-0.091824;-0.009525;,
       0.054325;-0.051565;-0.146212;,
       0.107251; 0.006247;-0.078196;,
       0.107251; 0.006247;-0.078196;,
       0.049555;-0.055203; 0.004429;,
       0.023562;-0.091824;-0.009525;,
       0.000076; 0.087377;-0.225775;,
       0.039059; 0.030457;-0.144837;,
       0.045770;-0.004523;-0.121202;,
       0.045770;-0.004523;-0.121202;,
       0.000076;-0.018688;-0.138261;,
       0.000076; 0.087377;-0.225775;,
      -0.077444; 0.099350; 0.081799;,
      -0.110469; 0.031499; 0.006446;,
      -0.047653;-0.010699; 0.114389;,
      -0.110469; 0.031499; 0.006446;,
      -0.089452; 0.005080;-0.076367;,
      -0.042794;-0.082020; 0.020506;,
      -0.056469;-0.055404; 0.082329;,
      -0.047653;-0.010699; 0.114389;,
      -0.019383;-0.001705; 0.128710;,
      -0.050684; 0.108747; 0.092216;,
      -0.077444; 0.099350; 0.081799;,
       0.000425; 0.124130; 0.100194;,
      -0.050684; 0.108747; 0.092216;,
      -0.019383;-0.001705; 0.128710;,
       0.000076;-0.008161; 0.129765;,
      -0.082552;-0.011089; 0.067591;,
      -0.058213;-0.085229; 0.109574;,
      -0.053166;-0.059117; 0.139626;,
      -0.063699; 0.038255; 0.100649;,
      -0.063699; 0.038255; 0.100649;,
      -0.053166;-0.059117; 0.139626;,
      -0.033522;-0.042926; 0.144310;,
      -0.034706; 0.061134; 0.119980;,
       0.000076; 0.061414; 0.135857;,
      -0.034706; 0.061134; 0.119980;,
      -0.033522;-0.042926; 0.144310;,
       0.000076;-0.048996; 0.151638;,
       0.000076; 0.015792; 0.152856;,
      -0.054396; 0.017787; 0.135434;,
      -0.041107;-0.041758; 0.146439;,
       0.000076;-0.062318; 0.157903;,
      -0.007906;-0.142122; 0.117440;,
      -0.013980;-0.130202; 0.133884;,
      -0.031352;-0.139151; 0.127890;,
      -0.010509;-0.145777; 0.109724;,
      -0.010509;-0.145777; 0.109724;,
      -0.031352;-0.139151; 0.127890;,
      -0.033957;-0.136417; 0.120755;,
      -0.018419;-0.142275; 0.109072;,
      -0.025175;-0.119515; 0.145629;,
      -0.044937;-0.125323; 0.137313;,
      -0.018675;-0.140197; 0.119178;,
      -0.012718;-0.135981; 0.125499;,
      -0.044385;-0.123594; 0.123992;,
      -0.025665;-0.138099; 0.114252;,
      -0.018675;-0.140197; 0.119178;,
      -0.044937;-0.125323; 0.137313;,
      -0.022558;-0.120877; 0.138748;,
      -0.039316;-0.096423; 0.154845;,
      -0.053110;-0.096468; 0.146205;,
      -0.029675;-0.130934; 0.126244;,
      -0.067764;-0.087025; 0.115648;,
      -0.040853;-0.119408; 0.102410;,
      -0.036895;-0.126790; 0.113357;,
      -0.029675;-0.130934; 0.126244;,
      -0.069237;-0.081070; 0.133522;,
      -0.067764;-0.087025; 0.115648;,
      -0.029675;-0.130934; 0.126244;,
      -0.053110;-0.096468; 0.146205;,
      -0.034691; 0.243939;-0.114881;,
      -0.036089; 0.331633;-0.098064;,
      -0.008921; 0.357383;-0.182088;,
      -0.008921; 0.288315;-0.198701;,
      -0.019255; 0.361106;-0.129668;,
      -0.008921; 0.357383;-0.182088;,
      -0.036089; 0.331633;-0.098064;,
      -0.031850; 0.349069;-0.118647;,
       0.000076; 0.398525;-0.124594;,
       0.000076; 0.393086;-0.161816;,
      -0.008921; 0.357383;-0.182088;,
      -0.019255; 0.361106;-0.129668;,
      -0.032580; 0.071400;-0.156628;,
      -0.034857; 0.100550;-0.156528;,
      -0.008925; 0.167903;-0.230799;,
      -0.008926; 0.127496;-0.232331;,
      -0.038906; 0.030457;-0.144837;,
      -0.032580; 0.071400;-0.156628;,
      -0.008926; 0.127496;-0.232331;,
       0.000076; 0.087377;-0.225775;,
      -0.008925; 0.200664;-0.227812;,
      -0.008925; 0.167903;-0.230799;,
      -0.034857; 0.100550;-0.156528;,
      -0.035703; 0.122673;-0.149049;,
      -0.034691; 0.243939;-0.114881;,
      -0.008921; 0.288315;-0.198701;,
      -0.008921; 0.258806;-0.220213;,
      -0.045309; 0.165770;-0.132784;,
      -0.045309; 0.165770;-0.132784;,
      -0.008921; 0.258806;-0.220213;,
      -0.008925; 0.200664;-0.227812;,
      -0.035703; 0.122673;-0.149049;,
      -0.047554; 0.248838;-0.201576;,
      -0.051101; 0.173330;-0.123041;,
      -0.041936; 0.247249;-0.110654;,
      -0.036042; 0.293393;-0.186449;,
      -0.051101; 0.173330;-0.123041;,
      -0.047554; 0.248838;-0.201576;,
      -0.053430; 0.116945;-0.176828;,
      -0.053828; 0.125431;-0.124543;,
      -0.041936; 0.247249;-0.110654;,
      -0.043965; 0.337625;-0.084619;,
      -0.016607; 0.364170;-0.152552;,
      -0.036042; 0.293393;-0.186449;,
      -0.072191;-0.096388; 0.094608;,
      -0.068152;-0.103358; 0.062737;,
      -0.045219;-0.117068; 0.065247;,
      -0.040487;-0.118256; 0.089543;,
      -0.072191;-0.096388; 0.094608;,
      -0.040487;-0.118256; 0.089543;,
      -0.039068;-0.123131; 0.107646;,
      -0.059679;-0.078165; 0.135595;,
      -0.040172;-0.108266; 0.071840;,
      -0.041403;-0.113636; 0.095986;,
      -0.096477; 0.001057; 0.123930;,
      -0.106263;-0.024081; 0.075619;,
      -0.040172;-0.108266; 0.071840;,
      -0.106263;-0.024081; 0.075619;,
      -0.084671;-0.053421; 0.004750;,
      -0.031421;-0.114519; 0.047908;,
      -0.083442;-0.073480; 0.063622;,
      -0.045219;-0.117068; 0.065247;,
      -0.041255;-0.121590; 0.089203;,
      -0.090304;-0.059814; 0.107248;,
      -0.027069;-0.122776; 0.040407;,
      -0.034923;-0.120872; 0.051784;,
      -0.075517;-0.087690; 0.044388;,
      -0.051953;-0.105786; 0.021254;,
      -0.045219;-0.117068; 0.065247;,
      -0.083442;-0.073480; 0.063622;,
      -0.075517;-0.087690; 0.044388;,
      -0.034923;-0.120872; 0.051784;,
      -0.023451;-0.126593; 0.039533;,
      -0.049439;-0.088879; 0.050511;,
      -0.095582;-0.038470;-0.034521;,
      -0.056798;-0.095595;-0.046422;,
      -0.038647;-0.066042;-0.049165;,
      -0.058742;-0.027982;-0.024556;,
      -0.110139; 0.025418;-0.137498;,
      -0.057575;-0.005887;-0.178737;,
       0.000076;-0.079288;-0.064529;,
      -0.038647;-0.066042;-0.049165;,
      -0.057575;-0.005887;-0.178737;,
       0.000076;-0.031193;-0.201136;,
      -0.121948; 0.079837;-0.196101;,
      -0.087784; 0.065127;-0.218069;,
      -0.026292;-0.037773;-0.110900;,
      -0.080054;-0.004298;-0.107017;,
       0.000076;-0.042426;-0.116202;,
      -0.026292;-0.037773;-0.110900;,
      -0.087784; 0.065127;-0.218069;,
       0.000294; 0.029981;-0.236091;,
       0.000076;-0.129641; 0.045480;,
      -0.023451;-0.126593; 0.039533;,
       0.000076;-0.113743;-0.045831;,
       0.000076;-0.113743;-0.045831;,
      -0.023451;-0.126593; 0.039533;,
      -0.056798;-0.095595;-0.046422;,
      -0.023034;-0.111968; 0.034823;,
       0.000076;-0.075943;-0.133729;,
       0.000076;-0.124416; 0.032726;,
       0.000076;-0.075943;-0.133729;,
      -0.023034;-0.111968; 0.034823;,
      -0.069447;-0.063005;-0.107213;,
      -0.069447;-0.063005;-0.107213;,
      -0.045530;-0.084290; 0.038883;,
      -0.107565; 0.002476;-0.074680;,
      -0.069447;-0.063005;-0.107213;,
      -0.023034;-0.111968; 0.034823;,
      -0.045530;-0.084290; 0.038883;,
      -0.041255;-0.121590; 0.089203;,
      -0.039660;-0.120539; 0.106824;,
      -0.090304;-0.059814; 0.107248;,
      -0.090304;-0.059814; 0.107248;,
      -0.039660;-0.120539; 0.106824;,
      -0.073142;-0.033973; 0.156541;,
      -0.023409;-0.091824;-0.009525;,
       0.000076;-0.066619;-0.152112;,
       0.000076;-0.103300;-0.019209;,
       0.000076;-0.066619;-0.152112;,
      -0.023409;-0.091824;-0.009525;,
      -0.054171;-0.051565;-0.146212;,
      -0.023409;-0.091824;-0.009525;,
      -0.107099; 0.006247;-0.078196;,
      -0.054171;-0.051565;-0.146212;,
      -0.107099; 0.006247;-0.078196;,
      -0.023409;-0.091824;-0.009525;,
      -0.049402;-0.055203; 0.004429;,
       0.000076; 0.087377;-0.225775;,
      -0.045617;-0.004523;-0.121202;,
      -0.038906; 0.030457;-0.144837;,
      -0.045617;-0.004523;-0.121202;,
       0.000076; 0.087377;-0.225775;,
       0.000076;-0.018688;-0.138261;,
      -0.047653;-0.010699; 0.114389;,
      -0.110469; 0.031499; 0.006446;,
      -0.056469;-0.055404; 0.082329;;
      106;
      3;2,1,0;,
      3;5,4,3;,
      4;9,8,7,6;,
      4;13,12,11,10;,
      4;17,16,15,14;,
      4;21,20,19,18;,
      4;25,24,23,22;,
      4;29,28,27,26;,
      4;33,32,31,30;,
      4;37,36,35,34;,
      4;41,40,39,38;,
      4;45,44,43,42;,
      4;49,48,47,46;,
      4;53,52,51,50;,
      4;57,56,55,54;,
      4;61,60,59,58;,
      4;65,64,63,62;,
      4;69,68,67,66;,
      4;73,72,71,70;,
      4;77,76,75,74;,
      4;81,80,79,78;,
      4;85,84,83,82;,
      4;89,88,87,86;,
      4;93,92,91,90;,
      4;97,96,95,94;,
      4;101,100,99,98;,
      4;105,104,103,102;,
      4;109,108,107,106;,
      4;113,112,111,110;,
      4;117,116,115,114;,
      4;121,120,119,118;,
      4;125,124,123,122;,
      4;129,128,127,126;,
      4;133,132,131,130;,
      4;137,136,135,134;,
      4;141,140,139,138;,
      4;145,144,143,142;,
      4;149,148,147,146;,
      4;153,152,151,150;,
      3;156,155,154;,
      3;159,158,157;,
      3;162,161,160;,
      3;165,164,163;,
      3;168,167,166;,
      3;171,170,169;,
      3;174,173,172;,
      3;177,176,175;,
      3;180,179,178;,
      3;183,182,181;,
      3;186,185,184;,
      3;189,188,187;,
      3;192,191,190;,
      3;195,194,193;,
      3;198,197,196;,
      4;202,201,200,199;,
      4;206,205,204,203;,
      4;210,209,208,207;,
      4;214,213,212,211;,
      4;218,217,216,215;,
      4;222,221,220,219;,
      4;226,225,224,223;,
      4;230,229,228,227;,
      4;234,233,232,231;,
      4;238,237,236,235;,
      4;242,241,240,239;,
      4;246,245,244,243;,
      4;250,249,248,247;,
      4;254,253,252,251;,
      4;258,257,256,255;,
      4;262,261,260,259;,
      4;266,265,264,263;,
      4;270,269,268,267;,
      4;274,273,272,271;,
      4;278,277,276,275;,
      4;282,281,280,279;,
      4;286,285,284,283;,
      4;290,289,288,287;,
      4;294,293,292,291;,
      4;298,297,296,295;,
      4;302,301,300,299;,
      4;306,305,304,303;,
      4;310,309,308,307;,
      4;314,313,312,311;,
      4;318,317,316,315;,
      4;322,321,320,319;,
      4;326,325,324,323;,
      4;330,329,328,327;,
      4;334,333,332,331;,
      4;338,337,336,335;,
      4;342,341,340,339;,
      4;346,345,344,343;,
      3;349,348,347;,
      3;352,351,350;,
      3;355,354,353;,
      3;358,357,356;,
      3;361,360,359;,
      3;364,363,362;,
      3;367,366,365;,
      3;370,369,368;,
      3;373,372,371;,
      3;376,375,374;,
      3;379,378,377;,
      3;382,381,380;,
      3;385,384,383;,
      3;388,387,386;,
      3;391,390,389;;
      MeshNormals { // Wolf_obj_body normals
        392;
         0.901303;-0.365612; 0.232185;,
         0.706351;-0.027467; 0.707297;,
         0.895566;-0.375164; 0.239113;,
         0.632527; 0.037019; 0.773614;,
         0.706351;-0.027467; 0.707297;,
         0.901303;-0.365612; 0.232185;,
         0.849605;-0.526811;-0.024201;,
         0.849605;-0.526811;-0.024201;,
         0.901303;-0.365612; 0.232185;,
         0.895566;-0.375164; 0.239113;,
         0.706351;-0.027467; 0.707297;,
         0.632527; 0.037019; 0.773614;,
         0.199042; 0.187414; 0.961882;,
         0.196600; 0.187872; 0.962279;,
        -0.076815; 0.231513; 0.969787;,
        -0.078066; 0.231666; 0.969634;,
         0.196600; 0.187872; 0.962279;,
         0.199042; 0.187414; 0.961882;,
         0.929167;-0.014557; 0.369304;,
         0.729148; 0.139195; 0.670003;,
         0.830470; 0.074892; 0.551988;,
         0.929167;-0.014557; 0.369304;,
         0.729148; 0.139195; 0.670003;,
         0.422712; 0.194586; 0.885098;,
         0.452223; 0.199469; 0.869289;,
         0.830470; 0.074892; 0.551988;,
         0.000000; 0.182134; 0.983245;,
         0.000000; 0.182134; 0.983245;,
         0.452223; 0.199469; 0.869289;,
         0.422712; 0.194586; 0.885098;,
         0.000000; 0.089114; 0.996002;,
         0.000000; 0.089114; 0.996002;,
         0.269387; 0.085818; 0.959166;,
         0.269387; 0.085818; 0.959166;,
        -0.142216;-0.821223; 0.552568;,
         0.099460;-0.948973; 0.299234;,
         0.167455;-0.961577; 0.217444;,
        -0.142216;-0.821223; 0.552568;,
         0.099460;-0.948973; 0.299234;,
         0.424238;-0.894131;-0.143132;,
         0.424238;-0.894131;-0.143132;,
         0.167455;-0.961577; 0.217444;,
         0.038362;-0.791742; 0.609607;,
         0.038362;-0.791742; 0.609607;,
         0.277566;-0.881771; 0.381298;,
         0.297433;-0.884793; 0.358623;,
         0.540544;-0.841182; 0.014283;,
         0.297433;-0.884793; 0.358623;,
         0.277566;-0.881771; 0.381298;,
         0.540544;-0.841182; 0.014283;,
         0.358898;-0.652974; 0.666921;,
         0.645711;-0.673971; 0.358867;,
         0.635487;-0.670766; 0.382336;,
         0.358898;-0.652974; 0.666921;,
         0.766228;-0.625172; 0.148412;,
         0.645711;-0.673971; 0.358867;,
         0.785882;-0.614185; 0.071566;,
         0.785882;-0.614185; 0.071566;,
         0.759667;-0.627583; 0.170354;,
         0.635487;-0.670766; 0.382336;,
         0.645711;-0.673971; 0.358867;,
         0.766228;-0.625172; 0.148412;,
         0.962889; 0.122929;-0.240211;,
         0.962554; 0.110233;-0.247597;,
         0.950316; 0.198798;-0.239479;,
         0.954405; 0.081088;-0.287210;,
         0.926786; 0.287698;-0.241432;,
         0.929746; 0.198584;-0.310007;,
         0.954405; 0.081088;-0.287210;,
         0.950316; 0.198798;-0.239479;,
         0.000000; 0.940153;-0.340709;,
         0.926786; 0.287698;-0.241432;,
         0.950316; 0.198798;-0.239479;,
         0.000000; 0.940153;-0.340709;,
         0.903775;-0.100467;-0.416028;,
         0.928831;-0.054811;-0.366344;,
         0.952879; 0.022156;-0.302499;,
         0.948332;-0.001068;-0.317209;,
         0.831233;-0.192419;-0.521531;,
         0.000000;-0.370464;-0.928831;,
         0.928831;-0.054811;-0.366344;,
         0.903775;-0.100467;-0.416028;,
         0.940642; 0.009033;-0.339213;,
         0.948180; 0.023774;-0.316752;,
         0.948332;-0.001068;-0.317209;,
         0.952879; 0.022156;-0.302499;,
         0.962889; 0.122929;-0.240211;,
         0.948637; 0.055025;-0.311472;,
         0.958098; 0.112339;-0.263405;,
         0.962554; 0.110233;-0.247597;,
         0.948637; 0.055025;-0.311472;,
         0.948180; 0.023774;-0.316752;,
         0.940642; 0.009033;-0.339213;,
         0.958098; 0.112339;-0.263405;,
         0.994598; 0.103397;-0.005219;,
         0.985687; 0.145848;-0.084445;,
         0.988556; 0.139531;-0.056978;,
         0.996124; 0.087222;-0.010620;,
         0.996124; 0.087222;-0.010620;,
         0.997986; 0.060030;-0.019715;,
         0.997986; 0.060030;-0.019715;,
         0.994598; 0.103397;-0.005219;,
         0.988556; 0.139531;-0.056978;,
         0.985687; 0.145848;-0.084445;,
         0.976440; 0.159459;-0.145238;,
         0.976440; 0.159459;-0.145238;,
